1067016793
1062665136
1061302977
1059316138
1059076556
1057927586
1057905577
1055172572
1054723075
1054518698
1054179009
1053918844
1053670843
1051887396
1051754735
1051754035
1050470626
1048849761
1048198644
1047880499
1045906518
1044976392
1044154016
1043430727
1043077485
1042907979
1041944424
1041931469
1041362467
1040558109
1040491676
1040167733
1039883971
1039816777
1039524643
1039424968
1039082501
1038849438
1038843172
1036970718
1036116207
1034229351
1034185925
1033139641
1033079484
1033028716
1032156058
1030451875
1029658035
1029493890
1028724513
1028462268
1027438859
1026384415
1025886590
1025760214
1025301869
1025083442
1024769883
1024503400
1024308711
1024145326
1023236422
1023048203
1022956406
1022933505
1021921776
1021395629
1021326921
1021086645
1020829733
1020800009
1020683389
1020540086
1020001351
1019407070
1019370461
1019278246
1019255060
980552028
975141643
945062055
914014065
908079931
903702139
901290066
898782844
898749367
897322753
897184501
897024835
896805503
896752331
896330697
895770511
895494149
895206120
895167258
894961748
894689307
894466690
894172235
894053824
893806646
893523770
893454553
893451504
893383864
893381442
892651338
892130763
891915565
1024901664
891158655
890683619
890457085
890237747
889978644
889061988
888584344
888490587
888240964
888026900
887986076
887984013
887936690
886531825
886289133
886227706
886152294
885550646
885433009
885387046
884891866
884673191
884443337
883957997
883726304
883498086
883125605
882673385
882616574
882502815
882192848
882146377
881828511
885253846
881317773
881156965
881148080
880613537
879642675
879497963
879259297
879163927
878871758
878535867
877964212
877686606
877682374
877669969
877465241
877272843
877177600
876900990
876876256
876502883
876292878
875722651
875639860
875564350
875305305
874929827
874735694
874509296
874389866
873150218
872846710
872082902
871627291
871587337
871448108
871409244
871385216
871155803
871135823
870841359
870435646
870314843
870266398
869605945
869215486
869121504
867597666
867502106
867244827
866817710
866571406
865887131
865854751
865679124
865211994
864981468
886434380
864866241
864610060
863923224
863088603
862649147
861755796
1038594890
861754129
861654457
860863059
859713592
859619691
858636956
858482906
858477161
858165946
858122885
857919341
857341395
945876557
857298862
857103650
856791149
856639209
856422797
855825834
855735963
853736507
853292087
853076252
853007656
852986864
559140851
852310869
852150360
850364951
850103882
850078777
849923144
691059988
339401081
675431274
849215639
849028994
848921316
848652862
848432753
672259171
846589321
330481941
845728665
845647408
749052271
845617690
226674243
845016543
228334404
842920419
803441311
842641516
842107618
841917308
840847751
840754316
839973969
364749027
836185268
361814633
373616431
836153166
578733549
835971651
835666861
834161636
833838076
526974052
831361557
830843185
830289663
830212863
829822554
829473550
855706337
248363210
532678669
537436630
828384982
828291504
827355004
826869841
826834767
826644034
825924451
356097033
441162441
755014500
825106136
395600297
824747832
680685673
824573862
232903497
823693286
823383842
582930110
822818670
837247347
820803145
251552490
819785306
819557844
819258445
267283614
819162143
817689744
815619872
425174814
833107365
815324309
468276265
814374586
227821384
673419521
814187104
814161261
133225843
813755528
813626529
812611632
890290821
875760098
370973183
812519669
501553950
812298245
812248316
395698265
833944357
812170746
290093428
567095368
579924526
622200390
811979466
811235695
456384671
810592715
809240467
277681996
79684040
839480970
808959583
808957185
580676566
808589961
833342909
808215374
146549299
807058306
395158095
806898299
518286385
256881054
351924696
806794757
803171126
801072144
33440821
432640812
762006007
799100124
258802829
798757561
798481314
798024255
173775704
574998310
796092603
535756204
795941545
250142746
795420487
794144933
793848721
792960798
792702760
1003625296
792631236
729712537
791315611
853338979
789385819
365217657
789376075
788573631
488719887
787874277
787038547
786598988
235243698
783487941
783244848
783217772
209162489
782692630
780319950
780030848
297896480
498726097
778200122
777457425
744452680
774368119
773938393
773763626
1078309
815273951
770428748
768590927
467593658
767441516
654249692
767233608
767016968
21880642
766967061
533030871
766427800
766162901
401986075
765311939
399074695
763569181
348973666
527830621
763442795
763386724
760614050
771234153
860174720
480809198
758857761
14432815
702410860
811721964
393553187
758741141
467189570
757245403
756671543
272540835
594547564
756286133
794187190
1024716896
754643215
277761852
524996036
754450471
1047878158
752454369
750843339
679215462
750642666
750634193
750002416
749574800
854165462
749028008
748814994
877986175
748166397
389774511
748014943
747886410
747062580
810863708
746583077
746573957
430411263
746459304
400449605
737327370
746387401
729427375
744009466
798595168
743952458
455919398
742617048
629847304
773619915
370059461
742342620
742197851
292773745
690683115
741107228
678169157
740728960
462742292
740688119
739226033
740253393
739915854
738684603
738473306
689565097
613431300
625008363
737074076
736563672
822655262
736369645
718969313
735670334
735650663
734637225
642365575
733986824
733720100
671629201
733489115
733245382
732329378
732326943
731904358
731821000
731378035
731060029
731045148
662234195
730476583
435778547
464140104
729609928
729500099
745349488
828546920
729048928
728114203
274365649
722988077
476910785
407037463
721531622
114288675
720129288
719433542
719157316
748368408
604308124
719032131
719000134
718422250
718250911
816218531
749935649
614191661
716015879
715991015
715432055
714800100
713801608
712840359
712839991
712733554
712487037
712217291
711107924
6957200
710178699
705682191
703458527
678384129
703137084
703039647
371145062
622758368
701466986
713334368
701102111
889362642
699769775
782462859
699445750
699375381
688483265
697780873
696651345
483308508
696479287
695987982
758815713
695854342
693322027
693073754
692815297
629107195
560543757
692662253
692218053
457021196
691734430
1051211737
691378897
577741074
691347827
690615285
445739291
689891395
689447469
692211854
688359254
635202365
688342561
280338436
687057418
686329860
350935031
685995653
843660904
626714577
684349473
683966972
683152545
682897748
682188997
681395924
869295016
813239686
681228041
680679611
180547086
816624188
840779990
680665934
447802202
680518505
802651292
680293489
684607929
591896061
680088496
679900522
679308972
679272326
738440379
1047061585
678046715
677870900
677634032
677554175
592925336
677380749
676963089
675561061
450278933
844066021
675185338
674695532
753964223
674424124
673870760
673071100
672703804
740828995
672094253
671912571
670568673
765514172
673148087
395382294
668929736
668814805
42547282
594014867
639571862
668170996
573521185
668153883
411411429
668135851
328888713
668135827
293072353
668135805
566827251
764619735
668135766
715298005
668135760
668058816
667944495
667655492
667314039
666258050
665861954
705991682
887653369
665390454
543884940
665331734
664269885
664173869
290556342
432505389
663288971
663222864
662583184
323239681
668092328
333022140
662579965
655705091
662549877
662127972
661331389
755897965
715767078
661137210
550836948
661053413
634442786
660672571
566040491
660666768
1037399236
660326011
236712224
659714862
774216373
729320741
886233573
659546589
151233467
577305343
658819938
658538025
816267319
658301765
657057099
656405024
760715487
662570502
657762799
656215750
655758313
654854654
756680655
564434265
654553000
654132794
819897435
653178082
420304257
803670062
280966769
652241831
883060147
652173829
652116945
827326677
885118366
244803404
652048908
652046298
673729204
67816054
651234535
650486444
650212344
269127967
772495841
669890939
650166865
649863602
56780496
649008589
1021142547
828563915
648641074
626889895
648547928
647776786
646748926
612955500
646306174
646135319
449310014
737638598
645998086
706845237
645459742
645422497
644495137
644465022
642438139
641605892
641573894
704483136
641329585
641123968
640634799
639554528
638488096
636860979
634577584
626951206
633513468
734636016
567792993
675575899
632537188
632495719
795071948
631843707
631300630
602798598
630119953
629393599
859600368
788982210
629226179
628951268
398631225
627713242
627692995
626610051
40705244
626595810
626245965
452048941
626032357
626028863
625373893
625117519
624948497
887843277
624781328
624568138
560493668
535368295
624549564
801438002
624421004
623406541
700342593
515258440
623060609
622909459
188948007
622847082
622580043
622455257
846296087
143317574
621868283
578795357
621231746
619776410
524097320
819001008
619178650
619137201
618753788
876007898
617832330
617062548
615807813
615587089
615495022
614852900
676048566
614775176
617511524
518563914
753739460
889313626
614758087
1044521952
760334913
716370535
115909025
614262098
1049410848
687857180
614028030
225752368
613317507
824031201
613280207
880383855
613238150
884318950
463268296
668155985
795250336
613189302
613187437
664534063
613011959
612976518
655994909
612453327
694003586
678158345
612330289
612084282
680803793
611314708
610377843
627697421
156100926
609757418
636850735
609631641
609317523
609261481
117272567
608613908
608433335
607834606
607340743
648124489
607260615
607170016
606996002
605874890
863907026
213414779
605622301
690358599
605421611
602984688
601890834
601775804
466431301
601220933
601220702
448935755
600567670
185779072
136863894
600434410
577319931
666514042
599947535
597524357
595290300
746470040
593457610
799786431
135085008
784492106
10002298
842074004
593234570
593006366
592968367
486468644
704577172
592664352
644688393
487065685
592280191
274173690
654617940
592265139
704202850
591831168
654965774
591786599
714792666
591749421
613229128
765085335
591480758
591443764
650203595
876101337
399945661
591015358
323785697
811685382
590998682
675784182
635841878
590978351
590932792
590810826
590649658
549408362
753037535
607272208
590414819
589843218
674383557
457943468
589811545
589410331
616194856
11820674
668156031
220586647
589100679
587114513
585816033
218782850
590834853
585608159
824620914
751562776
583821666
487737894
533249942
760110293
583231024
668066455
243711798
583228594
708615830
485531360
655668597
582922061
308447202
582630323
582405054
681134080
275016033
582170989
582029297
581443779
676871775
788423808
619436731
580587544
580056307
579936873
367343771
579846766
848904583
794299839
693251456
579509862
523217590
579253657
418629467
399109627
579077415
626766244
377702075
684542402
581130344
653274791
578391854
466920126
626019664
107520611
578070754
578054971
842551722
577775366
577763042
704322969
781854570
577653928
577323220
347268774
576780998
233743839
256910807
576631660
576285338
142461311
750054857
576276092
870473765
621685699
206079451
575325477
574847394
657433158
605776213
811434422
574739128
1026936660
573768164
527929773
573544557
557515069
573535464
572855868
286864770
572169063
664113886
1039190111
152790324
660030061
571732960
675640646
497406640
571389402
59833452
571285365
571259408
869237285
569569215
1041794617
634138169
569497962
569484292
376261591
680860989
785227047
664781929
606410457
569098710
703404464
497922791
569054629
568908289
568852604
568397594
362396900
567130485
566826862
566646996
896021260
556742041
566309331
561399562
566022682
572447570
713516940
565884264
206430096
703473285
132546312
662574178
32062690
565821157
407112915
832709637
565726775
90208924
264474864
565568396
760838225
564696114
564626480
424382455
455492200
540782343
563987837
39671653
649506128
563822675
563507047
563120217
562997044
280561924
562386035
185702882
561466223
588689122
561158019
204926289
561067054
681548905
888825102
560936737
560930999
560802731
820004699
560228587
892622628
578854042
560177349
758917685
559953731
598348784
275924690
811654404
488108726
342788654
559850559
559727809
559699425
1033189227
559011219
558482613
558143342
558009677
557942874
557221509
186123685
556763068
665022779
556661983
240066281
84177243
510178488
556236321
555723231
226360185
555083280
741012356
555028091
554111158
336843282
553847398
553711249
569462052
553589340
336443204
703884929
655503614
547432836
553584154
553297889
553040241
878375449
552445489
551134635
551101676
551057369
551003991
550864314
611963874
358416797
550712905
850064843
247722418
550331306
1032513752
550328757
483332035
384962315
376936065
559889618
272172833
549521507
51296392
548634947
887049285
547705856
547210747
603575861
132522024
547209467
640814341
635635090
547203463
546991048
546948473
546800421
635880655
546779601
886156484
544976649
22427712
55881122
544943008
402785756
544696277
890600679
366133399
814287094
544203728
829229745
543820024
657547587
571195447
543456727
551571602
489806747
542510315
541543574
429010404
540966960
235975548
502543363
540465789
462115805
540053903
540009809
741405562
539699840
624605154
539584693
895442633
462063659
539378920
539063468
539057063
121904949
538923215
538806910
538193290
537723328
1053999847
538727439
570784682
710544168
536986410
271510019
536793634
1022501889
536432189
367252044
535289614
153779112
535090197
493168062
534294567
711403292
599535314
240324567
534040370
533780189
533764765
533285138
533179827
303313638
790153858
533161153
646193203
533061604
532974848
532697307
531780309
601719572
895448349
547828251
531737225
450419903
740982995
531459344
577756560
530922294
530057415
329084073
596261883
529934159
683478490
652085887
527572465
526628979
607067073
557129100
321458053
526056797
620631243
268799887
525633466
524924801
560895362
440849443
524778334
662584405
523884384
523703592
821485307
397312716
223271511
606791420
704138963
523683179
523675741
523477907
411729126
852094148
523402288
678486218
521709030
180734314
520707001
862885209
566023116
520601373
1056178204
537483403
894581273
519498558
845360242
519080241
518791814
739527188
518257542
607391196
518178037
517900618
517409254
468237580
682332983
516902339
249085847
515865555
658512005
403487528
515238612
770630104
513880827
513839790
271343298
746754138
513742469
663926907
513683786
680354371
513298703
512446337
650421076
457642256
618000310
512288498
512076392
281670689
841973570
163220521
511013986
1049993105
409838668
833425617
480643035
510770367
856640643
510728531
775094303
510536112
510324652
736073266
864356511
597069544
510071415
361755734
510016624
509873685
801842419
509770458
509699467
864178821
76855064
766669515
568671559
509515352
509231209
676395192
509121721
508969371
508919626
508560266
1023024049
703412353
664524730
623206030
468982037
508548239
172275991
455326513
507875977
507237177
506907322
834547587
506845431
506470143
506107397
701277103
506104387
505849773
608604668
505509707
610578331
504744805
504244100
841822977
540339366
503848823
693813761
576872231
503475486
67264564
700696214
503125565
883460401
457889363
631410467
502934934
502370735
102433448
440402783
500689552
500550723
500367207
598897882
1065521859
593295835
500123768
721108896
62318101
500108302
648680306
581358107
499753618
879940414
556469697
499329218
791546764
499154503
499083194
515138595
498077998
497623417
497217037
847258723
865426447
496469366
496380699
837232723
668155962
265795359
497400829
496212516
623207660
495420772
462038003
494894260
674520612
494803243
625860873
494252806
378026830
670548327
494200756
785059048
494092122
668135876
6669099
569861430
494001578
304710700
493847676
523356150
749124931
493813801
605126721
493613214
492299587
755359044
632402280
582781404
602704151
491608009
491220867
616931153
491162155
490586734
490573604
6267860
490488312
317285365
612921047
490310207
156622216
472695941
490173903
152103481
489809555
242023389
617395049
876096233
333964782
411475364
489702233
489277047
191889536
161072940
488993410
413165880
377326496
488820740
34332408
540570469
715414299
637386307
487517937
745269124
471575977
492538219
478052443
184811738
486322635
486263754
245001899
537549080
464757702
251925721
485971171
35796115
439570603
445953077
485157797
144866803
379066357
105319175
484935116
703024288
483192789
489375144
61364126
482234992
678275674
721283532
481830455
459701906
480675150
893632757
346004930
478070528
477671255
151413399
769286966
477381561
285599622
594346986
474954912
175356705
474795566
479887307
473964960
542192664
469157717
473331367
473015599
472856622
394744051
301123011
327410585
583056512
472647417
289850932
472168806
471876061
471569683
661332524
411350152
470333458
629193000
563765319
380259043
157037309
182124156
715523047
470272952
804760613
471677501
803456992
469492994
859385179
657380519
468807097
468583135
490144574
468557925
229514930
640407562
668135140
468294357
747734812
247891406
468232182
521211958
387906301
514090517
467974895
680262034
845313839
889881283
380817982
15800182
270977143
599976341
361186285
138590597
41062058
466691648
122507042
478283470
311673929
220444395
466593430
368502779
695953226
440866159
533739503
349976987
269318760
465505994
188083377
138815044
464448039
422319284
464441044
136109557
472717640
671986954
464256389
63579017
464178227
166401383
463359791
462812352
462778523
462485876
679695924
132491883
461735079
188924442
461394043
461288510
460667381
891807222
223316912
820405702
589339596
347311307
460662274
636314938
460268449
747713337
722976568
485451697
271424295
172682157
732810358
459802280
827893999
612520817
459654439
458201345
457115701
852423162
249330105
456445881
685694184
848710532
320081006
305526025
747419245
550405918
875943195
456228109
649711686
618345101
720304160
456021427
1021283451
346481298
895611188
593843451
454493744
448410326
453405864
688414023
453296266
453082829
784484161
452980773
475116535
551032018
436879606
423466137
859545062
452293137
288856403
354202920
452019337
451743805
451563900
450832030
450659462
811091509
662581211
450100597
473870385
706361183
174952802
404918593
449718954
845296933
477290160
315925049
449424060
883441072
449240210
800809784
448518220
387663909
401212219
448498108
489392540
342418158
468337697
446366171
172994040
444733357
790186286
868233959
444358065
481031415
604073959
744249214
444337146
443776564
492778752
279874029
443596687
631282041
223394437
663004689
442899230
154457950
442812218
441739520
441485604
239005120
176817735
479783099
1058827653
188107948
441263459
201373049
470136779
649038794
1032549697
533599471
894819633
399067065
319998616
404043085
440308893
906729652
447910676
440160529
858555449
562136405
202647700
439826647
52234336
439760949
554267152
429507099
439548504
438552796
591444603
17103531
379395614
503128284
451495924
437854350
651178235
1062410606
44027164
243429929
4748400
436804648
424677296
96115533
436672531
877489852
436386415
74976676
579513172
434438130
670228052
210394558
442336984
446285899
364290731
883725772
135043593
432066211
217563741
1060714113
431783584
303416589
293586038
266831754
431202933
895795803
210976890
721285270
430606600
1027827574
617705462
224485392
178112930
430592608
519480287
260785060
430395775
56756130
430195069
177205505
862209417
843280309
99159349
223140218
429170845
285262542
351758418
428842523
428791587
428166973
541357384
472652684
692304852
461272462
427309063
426122108
16495411
426116685
699451871
425669040
476868714
461875471
672904743
870864261
628632036
626249845
424973325
600641715
210820252
367274338
424973180
534649786
424312842
245610584
456977062
92746672
422343023
649957914
419482540
422166518
421018223
254812350
845537929
435634004
421013469
501007175
420756010
214255699
530316582
473830930
420677892
306763749
420447554
679951430
662139547
647337516
420149694
133768534
418677452
418252674
668135842
526665738
417661242
620493868
417276330
416069259
745582535
599032473
367429949
300311084
612811919
461931261
565767523
415963213
295064619
465131225
533908941
661940292
229601520
409933623
453226340
415791910
152081640
427253595
176235795
415617096
415294330
257529015
505514456
271501514
499857958
578061979
415084157
478670117
44671452
299492523
413938916
826557119
634171117
257350979
413920025
449543194
413855368
415138175
569552824
412058536
598098284
832572874
593069574
822789212
16093113
418394447
305642457
411409169
812989813
488151423
750069541
284662413
452629352
224880294
498273632
411164844
852467307
713317816
652780628
450687343
410592189
409965792
583207449
408776924
349754445
407671865
323983813
407082445
620866540
406318747
1026215362
257833555
553681130
405689718
551504623
206960184
672257710
189237985
403867812
682603687
402696720
798695437
138231377
402690275
873867674
18160267
401040481
130081448
400677294
554555801
213870932
332203541
591703315
400126359
746750915
399504076
463457262
806747741
305916162
396587103
396378771
176630085
172068792
396200218
774236834
512780135
33619950
413839465
439953524
184632097
396075627
489860059
778739954
675568121
668135972
394267480
393068071
488988214
772781148
242473250
392677935
255340212
740067923
265431329
310018753
384733509
351239738
392286183
389982747
754188005
487910908
699958012
496782113
389375914
577334378
388559167
388454825
458760594
309457715
219672758
387658960
665622455
137492930
371808062
692564426
774406492
387336754
563175051
179209020
451825959
44297642
386826462
618134424
871982318
618628921
58306777
385013678
659144422
483973121
384787146
97005926
383969102
383206374
226879630
382976003
382694291
231997315
381968181
381556079
528012527
644534414
583744677
536135285
381254220
420181814
380469215
749515830
1024368044
492561561
430236133
413034274
840820641
379543799
432531530
579853760
379019254
618849577
378816757
252631331
560828966
377336049
851732477
438990694
265735798
681168077
132734680
376143462
606672222
449260787
375330866
871756139
232950112
275335133
374718834
415229602
374397758
1048792342
374362607
184157300
412861109
373594593
695888364
478011324
372167560
887643767
524401376
74190295
371977012
12644446
270749383
722569469
461953921
799041406
695136784
371313484
624032410
170134810
423989045
1030344831
295801694
796429246
370594947
764893930
439805121
370431344
370279450
668441864
370098429
116908868
681494556
884962796
406078195
369115630
368886516
367296910
560899563
270612574
367279114
190429719
365864281
428558738
365401782
435727507
649248085
448129523
332617157
364121865
866113635
363490597
137107711
353493558
362759061
648299543
313233713
453979939
383403066
185585438
362605987
464714239
361843484
92810678
86785835
416101425
819917291
266669507
455098794
1047339860
239892689
201764791
361808216
40123454
410012300
275490942
201613287
359486414
1635964
11896722
856757350
218291636
60882125
358957787
734746157
444493500
358289388
602330191
58551807
358251982
464683838
446088622
357928292
356682658
891690400
419457955
356310978
356182819
866400782
354094876
865998481
527637465
354307120
399670894
352343799
350240269
11050407
350139205
722508321
625732879
447517959
194415898
9889200
349778414
528715660
68585662
349587885
349261401
691619704
233759465
376780819
348909975
347571271
557553518
471037285
677914802
439147167
247805155
346746344
883624826
463235535
212998901
697013881
871704094
345804931
345182664
344817594
668135838
343785444
695526703
343694429
647437393
9106520
166962504
437276486
342440238
223619398
341967045
304090995
475313766
338708446
740619868
860097879
336523118
758165352
749007975
874710254
720914462
435069133
336407344
484792351
332160673
465429124
815919409
662008039
415883113
522517806
615330405
460667144
539333146
329831322
407907449
333117399
203312032
104178213
386723156
329691834
296632241
813054875
645293408
329168315
329052466
738923961
178178925
722088993
1028712376
285789834
328669272
446141989
328435104
327450714
434026472
635136477
328167730
327941913
325608354
324808089
663370927
450964247
326040841
622970463
485866048
324793584
27417350
324457164
602650198
166801973
324162278
501704691
242334817
282980309
322989560
606174503
322751563
526687456
1050731611
446881508
783046490
322596580
878411111
783791255
210169188
321271649
452408848
320950196
467571439
320377574
462885784
741803883
889636751
583194526
453578168
345499896
801063981
749101712
319428871
342605558
794457749
318895527
349578011
333723412
458932912
316913299
316805711
136347623
315539458
315406033
592197357
385398865
31517434
314204605
326471934
326801843
526769608
312709915
397726230
844858986
473916353
232254940
407856448
421377369
452446283
66890917
311511754
311183277
311141328
310977740
310540637
1008137
472422474
659446835
1059152678
586008451
875418483
308257974
658878459
656533863
350919618
464882358
565764398
856755959
649569552
386892863
307405382
138074551
443679294
306642321
534417177
306574975
141877638
760277727
423567864
840024007
619615968
52721666
305747592
305061841
303731254
34736190
50377746
303504430
696068192
303044077
302327220
406801292
401943218
387412164
388988348
318149254
735115180
831654532
869276531
762206356
863982610
243848851
294740450
564851248
294244624
193053792
5888063
685489023
592667047
426651850
417676710
895975618
740330578
222850695
136231012
293498781
595733960
467345952
288912783
150520970
236231960
351048402
418552375
467068216
184718363
405035715
353564405
846821546
292769809
894083980
189083864
168644054
280330928
292723648
1042826252
101905754
787406309
289711357
269479433
663305047
143320171
371239245
256022083
267823913
887028263
288481906
243291392
170258396
287549053
287210597
550394798
613378221
546203659
543994835
617901078
131922700
348266132
653724477
188985192
144991987
284395050
586433891
547142690
217999207
281716808
159179450
284029374
1054858401
505695955
372922517
283548618
650266714
433018600
283154523
1027545698
358284868
773579343
281592137
777990521
174641411
280027441
304289486
279131945
278674931
445995819
278296446
101170164
326251898
750660488
764703215
277709486
277067863
687144443
385831827
565275937
510274021
270671713
628552569
460701503
275519863
401694683
366843881
74568926
554074341
273730796
5808842
256232194
273725732
603422091
497998549
298057266
273554730
273464475
435110625
186733503
272365708
17258037
284968540
220573814
226589969
446041871
245737665
270916448
277316141
198733930
774406759
721370792
269382650
439275267
331361186
168311263
266944244
270662003
163893509
267965077
623480249
742867842
125495998
332778143
584597476
267036041
581945567
265621899
528267506
298362572
464638962
409423887
526613558
496096091
387789849
204466144
185087994
504510887
454210715
156578102
20037415
261226518
879417125
473481505
285883449
830345723
561742143
349857703
258606720
762272710
360368100
659278492
644946820
483028764
717694623
528738876
257925226
812058254
204455360
437627554
779116817
737929440
666265518
68617748
209133358
565571105
574820162
434925835
283587727
240046201
256448764
602497928
246058479
1043998202
255293930
517003785
254786987
266708921
135241786
812748056
620291423
243410428
259665653
252342137
251739958
442652661
424187366
250680115
180620584
336605937
250909672
250889274
249337577
259965347
337035933
449464972
443417708
418609910
195037498
292279564
247467405
602118817
628881545
314271808
1465540
58695913
817414931
246844871
598917637
469814316
283188318
69878425
228582516
245981212
245494250
186868489
430815121
365088999
95638155
249734485
632600132
270081389
244212240
475720305
430675323
887684032
291083238
243115793
444903917
687958030
447017681
200682437
200269250
687275452
245147921
243016149
588057860
508134375
10368957
819720098
401981635
476714031
241958225
676179728
641558501
475703570
501920513
241820898
241790338
429234482
288070343
239886911
155016054
590210866
747666772
565432215
237685112
667616754
77002772
722738500
335655950
760992236
236055769
465772505
235869982
63662139
250859973
191202597
235488234
722975387
717197175
664331660
235401915
817349070
752066763
432934092
259560671
663684831
564972529
890326419
289975761
235128393
473207743
498833990
452492986
465590053
629007688
627591962
153736939
234835793
1020216769
302470968
866904306
340112624
238108694
269850068
22797073
601308062
799877487
290671776
202569235
395662072
587272835
391836216
225577263
843957753
133951946
233071984
567067854
809295097
731366107
4586189
18011380
183307183
232594947
154478619
244059897
232423398
231881871
29799502
429780533
353325755
230902929
105884834
615371921
182022036
446772407
583744358
52139334
806573816
229147830
111102766
1053018272
261565812
427911279
229046618
309650450
303811818
625225662
253886390
645746631
295687558
177431305
368789798
843102389
54084978
244656403
180497110
243717549
635403134
240741454
41060695
758602036
530301805
285733537
221677230
828577470
226377564
369944269
437650313
406430560
97498783
869216738
50153978
224527214
23514198
224035115
850252584
820741668
56488564
223841388
688205791
403312071
222785656
384752259
2759730
292000096
663148813
883066026
24026120
34684980
153855798
1020993095
222740796
222263169
143106394
454910154
204069191
390551054
797844552
586459364
221743363
851634190
824203678
470579666
508034225
271556735
722263507
221387976
87021647
97725454
142410507
512299130
221241621
760811792
573058338
220606624
438602699
766136487
635678297
220220370
456875545
367263084
219143312
889081145
486054238
213489457
789401984
445175574
665810412
217483299
767402199
508456440
700765390
229791461
291740688
548374786
217171774
217710385
302858937
215154891
215047276
676726500
522093147
214278441
206898199
211642886
174691266
211522122
733598918
393911159
18214556
891516064
137260457
337363796
210771627
209728155
208340872
207933280
92861478
207139604
627802173
205983088
274150794
204711816
705132451
205823187
320891634
19717327
205097358
194074674
692478118
88972435
824844646
398753178
537668459
203935077
845913581
471700685
203593131
638068823
457176195
860743758
167770175
201628108
648020951
287516895
1061266327
223216670
241523081
196804208
492403067
450101046
227103951
331879925
579640631
195245398
473239689
786234312
263857042
389273945
801042562
244149764
831617244
675563881
191866039
191382783
39745163
279280568
818362044
298374212
191204333
156988263
467396255
190182422
599774682
182689631
188682405
309923490
4213259
180913160
212594033
442309472
106475787
322857066
5175438
187686986
518876063
186257325
368169248
332120605
183732021
721699249
231134175
99460392
473324161
663234852
587170008
540457456
249954965
605567385
83990865
642841912
184652762
842510049
548108791
473924108
623990210
614496518
473090474
207927830
190862246
1065910092
125528958
461621131
598540425
61963139
69560655
808932066
298321304
663557928
52175694
200851761
663317865
178249139
671698692
487499465
679487413
144435872
321395073
335684582
184092998
1061009763
1050723321
448683940
658397257
182790169
506022990
613717744
241203429
182537056
829106237
688263921
181669317
407264731
357195587
132792636
858546520
181310808
318486284
206028890
478802776
175441447
67851878
760126237
65513061
691156038
328960798
602198464
440431576
493635982
179619422
29432952
457498821
56151056
226169273
176040364
460022814
504356487
591864691
506850962
759184811
758370683
748430975
465172870
122740940
2291946
884899706
457678471
170210163
669572964
143717236
589470994
191856980
554070587
446677200
668136196
191353631
39075897
188194765
293866493
169192691
603929618
249314869
565099649
121074165
45741508
736727822
168678975
174835269
167637914
658384613
167556893
514209615
341606714
164282222
655044832
518334386
285908691
547228895
334270009
147032238
85794904
448649962
164257799
88965356
17345522
740972078
348050459
260707335
634543067
170626953
366002369
1902339
765292994
1058042621
306554465
391669848
313523054
157430915
185017472
563335271
475707884
155974111
753554420
1042401143
412989039
208477853
212069506
188110889
865762919
533084488
258006567
156238720
376065030
2139470
287164831
614046529
330436894
79889360
154854535
739473991
203016333
202158761
165280774
514054099
187690820
483224355
468862505
743038714
194556994
103241516
87643796
444074088
95677359
665110117
153366807
153049519
536309309
220913102
132979295
618642002
703507396
508460711
696798737
257322934
410116024
10453721
839456232
701788089
774081187
95874764
150680451
643377825
429042674
600643203
150618500
637988645
575789588
506180662
269623097
1015637635
150555568
598382380
598839104
149027297
190283344
545688052
309651629
242873229
341270515
851443312
712923079
442274001
564611585
803095804
485777797
18191871
172459191
618778646
164907140
142631787
370407837
646930903
179984751
859428625
589663152
86321311
731161038
862409413
709255721
141853880
141504730
795984610
508711222
258966427
861637138
140167157
139289638
442520634
139012381
866890173
852860288
14367582
801239259
502421780
302912597
882526666
24796644
251209938
95881014
363750191
404530394
417835966
556683670
447906587
307142297
14316377
785753779
675570579
361343467
602738996
841098407
566125503
296042137
855772687
286384091
413409630
549467744
259570620
136002943
210832289
352197025
249798982
204002899
809280296
60380460
198430446
478424572
396447888
794494329
617794084
385896884
668135974
312458839
216656406
129452651
540645426
201784041
553760723
139081125
227355845
1022723604
877538373
553008191
808859357
861319412
123103463
226604386
322576744
517049450
217263845
1030242976
734273402
427576543
1021223317
267051183
744078219
73539772
154044630
176747494
255872287
792200422
464868645
111612245
109484370
365439653
536289231
499682262
366258906
123429867
476962265
95031730
457177941
538640406
82659512
101869396
51237967
31824907
652764915
63377682
239759944
734577181
71918120
756483554
688294887
179443886
223677316
664226848
101187493
92632185
555844818
722484417
98261356
90110268
511579817
424496653
844184711
273140804
506620881
203380059
609145971
546583382
86576521
770992269
490627273
470813515
85992410
475144129
672836388
330860217
228657160
530906908
367002992
173579143
338609863
81941620
563580796
196756916
323859201
5338475
259318798
712690444
720374738
494252547
444011587
198029498
776640697
77832578
75288105
96262172
257738654
48576602
430591299
1042814886
43315605
134416397
50295587
488201366
639353239
68264162
870623840
573389329
168879256
596905774
24510456
657116698
1818131
668135828
617076805
382604393
67768123
224938277
35894178
737944772
296968544
493373139
489849839
197314573
650949004
829672272
11483795
142075417
1019423860
841722685
580457178
837181016
186648513
473564326
119481850
389342515
875478327
43676303
182023169
264688350
193240488
441984903
613106897
609743747
432794012
473612793
285351659
461602502
894461792
459657356
55945338
890867607
849368684
664225675
52755764
269053347
581435770
547089705
462767527
736093409
165703169
542739442
511644718
719781582
339242761
201348581
102308579
675438304
871889925
19572806
569096019
486412802
895501495
407550442
183984815
663099057
378928897
39660731
466140726
649094726
532226865
473137921
106272707
394779354
174571159
597041288
109714447
47322851
343522753
233885998
16873259
875946157
337673727
45777261
11302014
780701914
743717577
454055840
172090950
367455636
95009033
206577244
582795492
186437054
471586
38247024
835417036
545369518
67146068
13284535
15006792
554068421
862582203
298709246
1026902956
558182798
877812679
45683184
522994640
20088407
313949580
43414586
469635411
518794375
323892002
496969311
478881970
837271478
224460706
729954948
195419090
39259639
571347029
185428816
604678896
145714620
208637990
532756618
258454901
64761159
306085066
788072943
653220237
594444478
489834498
252920370
450687693
231287858
473463957
823234087
374240750
529287404
44292347
882131826
190647915
153338751
254906812
741571325
9826427
33131175
257908159
3503111
388856372
861899377
684551357
860610303
134080574
5468562
19330270
234402423
455091702
391349044
1019803004
586648765
408162263
770234877
625439203
602424427
426307472
10744117
304500352
313792661
252260251
409498366
486507555
155382704
283642667
39642711
189842185
866479847
317510031
35157237
220923716
286876960
4424557
